 iter # | # nodes | #3D elem |    dt (s) |     t (s) |       mode 0
      0 |    5692 |    19798 |     134.0 |     134.0 | +4.80650e+09
      1 |   11021 |    42263 |      12.5 |     146.5 | +5.70804e+09
      2 |   21206 |    73641 |      19.3 |     165.9 | +5.54392e+09
      3 |   32364 |   114837 |      20.8 |     186.7 | +5.73303e+09
      4 |   44941 |   165312 |      25.9 |     212.6 | +5.80769e+09
      5 |   58169 |   221890 |      32.2 |     244.8 | +5.83432e+09
      6 |   72493 |   285368 |      39.3 |     284.1 | +5.86887e+09

Solution completed. Time to solve: 300.4 s
